759 968 108 441 74 3 435 853 443 516 155 728 989 209 342 410
971 938 507 415 11 476 606 721 410 221 664 191 808 714 284 139
848 787 97 995 846 330 308 463 901 164 411 862 753 834 881 731
558 390 826 388 525 333 1 284 362 387 32 854 339 244 46 729
233 16 880 203 112 348 565 641 630 45 515 847 65 745 969 576
340 934 634 418 889 896 615 516 786 814 633 459 299 455 124 657
119 682 630 738 954 679 619 211 826 185 759 481 818 154 219 618
419 456 514 406 611 629 841 337 401 365 418 299 715 107 343 175
922 859 729 383 116 231 622 662 315 423 593 704 137 135 698 632
595 16 40 844 941 719 46 490 842 293 337 589 261 321 496 719
843 584 559 960 426 836 502 189 834 853 91 188 36 137 201 267
668 787 704 700 68 500 235 203 813 239 542 824 895 34 401 995
928 874 862 553 576 738 207 759 514 851 10 89 628 858 454 705
93 70 921 475 617 796 652 343 350 357 148 187 295 679 295 801
452 97 261 163 276 648 692 931 580 945 187 217 491 146 576 955
786 838 732 825 113 927 378 132 223 519 204 220 591 21 465 835
