900 354 630 93 451 959 519 100 552 525 588 906 319 616 526 812 185 701 435
281 16 42 450 673 396 372 361 455 212 201 274 536 250 314 46 754 818 650
248 556 987 909 380 51 511 651 660 162 46 244 834 363 311 309 70 859 904
957 697 79 599 65 888 351 251 53 656 5 570 773 995 536 453 880 295 107
663 400 162 745 713 199 410 969 368 912 225 941 245 188 850 861 953 170 957
923 21 29 800 459 996 656 593 274 250 298 910 432 15 963 196 505 795 952
367 401 656 920 984 340 829 715 761 383 923 134 583 284 923 373 87 635 601
704 750 57 606 136 719 70 3 793 927 282 993 346 66 1 804 557 267 102
46 460 630 281 896 211 351 116 716 626 509 643 877 562 905 91 203 310 795
520 201 914 338 37 789 479 391 577 68 583 481 367 106 985 589 141 75 469
162 396 785 603 355 377 284 285 406 431 442 975 799 494 762 748 902 132 122
594 493 417 820 775 49 133 146 143 537 892 973 764 17 734 149 399 735 598
560 962 753 504 73 960 135 93 784 987 605 359 84 457 19 482 976 745 577
11 555 222 231 141 748 514 459 679 959 65 346 364 13 304 573 161 841 990
345 861 640 956 350 160 538 178 809 516 745 536 758 404 823 725 43 338 731
612 756 560 502 457 135 719 642 242 347 780 885 858 641 987 401 716 371 600
873 72 604 571 706 943 934 424 308 942 541 289 261 235 431 229 234 785 360
184 821 631 518 297 832 29 631 887 895 772 4 107 354 444 466 659 9 186
855 559 523 711 412 701 701 58 519 651 428 412 754 616 357 187 779 243 555
