823 621 483 881 853 400 361 64 472 710 832 757 954 689 134 82 74 93 20 956 585 905 992 946
558 409 417 614 456 85 666 205 382 593 163 911 439 934 191 690 963 506 204 488 69 301 440 58
101 774 701 972 511 364 959 919 629 537 324 445 984 747 609 387 45 627 375 361 526 224 644 140
902 331 994 79 701 504 877 258 970 359 514 683 385 695 695 18 634 245 282 902 611 747 706 216
898 818 444 442 926 80 533 878 131 561 70 180 371 881 219 125 661 66 475 626 234 927 2 350
933 358 727 282 942 743 530 155 625 779 181 883 61 435 333 890 827 636 552 825 625 515 648 754
26 157 241 545 272 81 982 972 817 94 510 569 353 251 936 388 32 916 555 593 700 337 65 226
734 585 800 599 375 177 726 418 710 973 257 786 502 985 884 545 797 209 66 967 926 765 538 576
701 164 794 710 960 56 55 690 92 16 812 687 282 384 598 640 369 92 859 380 995 151 887 47
32 11 796 491 271 99 300 970 48 224 898 211 384 16 458 655 919 567 694 486 174 197 264 413
612 427 598 835 907 159 581 550 278 747 678 950 260 564 419 993 717 843 640 58 486 388 257 354
634 204 462 428 457 401 874 836 748 383 880 845 502 466 63 890 643 348 933 638 338 509 396 355
149 702 770 331 557 206 928 224 171 245 201 704 697 154 94 877 874 842 203 877 685 575 492 251
780 751 415 138 455 619 16 126 808 107 280 756 632 543 279 542 456 656 675 257 265 360 193 490
255 57 764 496 307 520 670 575 210 520 552 807 791 790 769 552 230 76 896 591 874 339 246 331
564 661 421 30 900 235 986 420 558 926 884 399 855 520 819 288 437 706 546 112 992 472 751 666
887 124 28 190 465 602 617 917 811 434 933 646 100 641 675 976 534 133 250 866 907 371 697 710
257 609 154 169 793 134 340 92 910 755 143 777 207 797 956 956 309 968 588 422 587 174 189 797
31 571 579 859 223 886 760 517 428 318 933 857 449 448 124 678 95 842 736 345 499 899 769 737
178 294 557 940 783 275 124 84 420 358 138 222 556 481 870 25 996 626 349 889 865 99 508 862
844 911 328 746 438 844 299 132 803 842 682 929 330 821 735 153 195 850 437 92 310 902 123 614
973 712 350 873 550 880 873 79 787 696 96 872 948 379 646 576 60 7 420 714 799 941 696 175
892 196 695 16 663 416 552 943 789 714 774 727 495 426 582 923 970 604 143 634 725 863 206 817
204 861 33 304 482 410 816 33 17 175 981 355 185 858 416 371 145 154 84 234 605 920 82 634
