546 396 846 873 849 260 375 662 308 375 432 180 599 835 681 204 767 784 213 592 362 642 970 129 377 967 423 428
369 693 804 543 872 167 444 736 862 23 650 274 280 965 285 852 595 847 306 945 903 414 470 619 356 417 277 905
426 718 496 883 837 947 294 616 571 890 308 432 391 946 342 744 135 940 313 398 358 119 534 530 661 479 525 956
223 185 188 456 890 540 310 145 528 767 437 333 672 669 282 705 540 875 555 958 72 727 485 416 105 880 548 308
184 966 222 359 423 338 393 386 703 853 542 851 636 198 216 368 504 981 726 689 838 829 991 787 925 567 885 497
700 772 352 11 992 3 962 562 545 78 911 335 276 896 3 688 333 704 323 875 511 118 913 124 155 860 471 355
976 436 435 856 453 897 687 931 502 532 860 633 237 655 823 426 70 391 413 942 827 304 455 222 245 11 986 583
860 228 857 133 533 607 586 110 644 56 882 380 210 73 186 801 844 690 639 857 296 487 55 764 447 529 529 673
981 214 611 443 911 104 72 275 676 727 101 630 69 713 783 15 509 34 733 754 118 654 378 556 372 130 288 373
173 93 687 4 79 914 129 431 445 440 469 106 1 912 126 117 589 10 788 583 705 40 255 413 796 775 555 328
836 56 71 782 817 699 102 583 41 98 551 155 585 353 570 70 566 628 753 206 529 261 967 363 342 706 669 134
838 274 209 305 359 802 595 390 369 687 289 303 811 543 77 492 459 634 998 353 470 185 848 169 22 350 799 576
89 708 440 112 31 969 745 768 890 247 796 783 758 181 702 879 339 451 396 986 185 476 905 709 708 317 664 654
426 40 283 10 3 20 301 661 247 177 272 843 798 309 603 212 838 216 595 290 484 970 830 571 955 813 391 614
804 732 405 714 305 92 343 850 965 787 781 739 881 41 632 163 180 553 189 876 874 693 872 493 722 374 171 456
211 712 56 190 629 688 858 516 773 559 538 706 967 753 248 51 435 857 409 443 339 668 392 402 625 516 740 111
861 913 992 932 922 887 639 253 732 591 110 194 184 116 390 622 16 483 910 121 445 821 58 866 965 728 117 544
321 654 566 114 948 747 655 861 567 607 785 81 115 996 320 845 748 216 259 223 278 771 387 142 607 620 666 41
855 127 967 194 770 95 932 78 25 997 247 437 462 530 55 409 699 830 6 450 501 213 119 750 470 895 267 551
268 424 508 328 82 615 6 440 641 591 311 21 65 243 820 751 970 823 762 749 716 978 444 778 614 217 540 643
9 217 725 876 829 382 810 601 490 919 355 847 524 615 769 108 519 986 385 258 393 368 780 647 133 518 835 290
981 731 714 866 75 364 432 424 866 436 193 683 433 219 262 51 468 916 225 101 210 337 259 629 832 282 250 641
437 79 744 311 548 520 621 760 205 490 772 161 184 345 242 84 794 703 825 174 106 730 180 217 294 734 81 644
472 86 35 794 114 792 988 788 693 883 136 914 599 503 847 978 144 64 918 866 95 176 836 130 457 76 535 708
899 527 17 814 440 977 288 119 456 979 48 393 358 455 392 912 567 912 576 604 883 202 73 231 816 216 550 297
251 905 337 39 257 280 890 166 866 323 474 622 215 728 523 166 17 526 508 641 784 924 564 545 500 932 826 697
454 787 999 225 428 992 869 551 642 9 136 79 566 226 46 244 439 955 389 156 680 908 214 290 708 910 513 327
342 792 539 326 455 193 713 79 325 249 195 224 860 972 524 8 391 430 76 559 879 320 107 546 543 671 17 547
