573 709 518 518 479 542 209 851 470 811 625 373 514 967 920 191 761 165 296 709 384 207 900 279 835 955 449 23 686
994 783 785 176 166 507 616 732 677 745 318 763 674 538 580 806 703 45 912 400 916 785 378 375 309 164 367 809 240
683 525 93 187 166 477 29 840 198 349 461 305 460 84 421 978 947 710 669 320 473 133 910 538 624 770 210 405 410
868 3 140 807 492 994 220 226 577 509 62 552 966 506 697 451 95 457 701 958 397 363 454 698 490 767 551 616 556
563 396 268 624 431 330 347 321 498 968 90 201 753 371 202 608 769 508 627 214 87 529 313 509 447 14 506 549 443
318 726 444 605 671 14 113 795 929 536 176 351 130 598 489 612 758 644 992 253 91 721 260 924 403 469 34 83 760
177 418 825 798 879 181 243 647 596 83 357 89 814 841 973 452 863 958 932 824 897 690 370 514 296 352 597 466 520
203 203 980 30 35 752 118 351 553 252 417 247 965 162 562 636 165 277 881 288 472 540 512 103 259 863 487 49 312
502 527 584 777 127 394 881 378 59 779 89 855 102 311 706 515 578 933 529 808 879 132 75 716 179 48 663 692 878
772 173 265 70 39 51 725 834 470 838 768 682 259 106 499 793 433 371 230 806 588 682 930 959 241 434 371 452 869
599 79 731 190 500 288 606 824 785 63 260 981 682 108 95 761 127 620 26 577 924 746 678 434 886 290 90 244 306
830 606 681 274 965 872 760 38 492 759 819 894 969 649 309 970 825 907 574 836 199 114 814 346 876 946 853 402 297
304 210 198 363 518 956 457 580 708 717 237 336 723 635 862 207 684 955 98 369 465 61 384 517 408 108 716 792 335
399 20 19 358 741 188 549 622 531 451 693 853 391 118 190 338 501 476 479 953 139 193 991 756 34 833 244 827 682
955 411 241 665 245 310 697 218 978 983 448 313 586 153 504 405 517 74 944 195 179 908 632 237 840 197 207 30 264
325 908 945 723 940 576 41 453 188 146 809 494 121 523 494 32 640 554 40 488 352 517 759 300 633 503 48 780 5
825 49 104 668 954 653 75 503 591 646 577 464 952 330 929 136 701 59 385 138 205 201 644 167 543 913 809 149 646
91 438 529 262 449 363 98 705 826 167 871 420 530 50 908 463 25 400 188 831 165 932 445 664 642 800 625 406 937
126 42 845 926 858 500 209 49 202 504 967 831 431 876 893 515 718 676 151 736 704 519 513 621 319 481 160 993 866
620 649 738 693 768 701 125 26 495 672 550 700 415 823 896 221 1 734 57 552 149 924 125 475 670 234 608 529 224
608 377 341 216 183 583 855 230 139 663 175 768 489 224 4 601 37 289 696 618 401 319 747 104 441 717 696 525 264
23 535 94 596 802 887 296 210 484 232 240 42 992 862 72 882 784 661 701 122 874 634 945 912 912 824 290 631 238
775 467 888 331 966 116 129 82 173 687 337 709 392 553 57 457 577 409 457 676 222 657 57 996 403 390 390 590 183
684 979 598 665 973 710 766 353 711 27 747 943 801 612 974 364 414 483 82 888 456 336 415 833 955 16 118 411 893
928 576 726 539 900 489 709 739 44 419 844 292 104 866 383 710 733 422 46 83 632 990 908 309 703 727 349 564 765
710 958 592 355 461 783 451 21 405 901 124 265 625 370 65 239 597 352 470 33 124 223 594 73 328 261 939 669 418
836 173 141 146 975 334 462 252 937 644 84 933 690 328 522 922 819 7 620 844 71 107 376 879 532 642 488 364 519
28 200 844 783 603 569 729 984 120 651 37 603 987 660 709 387 101 435 895 73 151 510 255 319 825 348 730 798 262
615 333 847 98 734 910 444 240 150 87 759 793 939 699 356 584 241 84 447 668 492 431 208 593 292 369 518 946 526
