638 67 406 199 814 842 200 357 232 236 815 770 328 937 200 723 421 913 949 690 128 773 834 10 537 217 878 56 387 718 768 370 661 566
986 16 987 1000 656 298 947 71 556 287 643 291 411 504 547 160 987 792 153 221 910 866 233 397 662 597 965 144 970 515 469 445 109 762
952 184 736 421 257 651 743 57 218 548 368 247 806 374 510 228 732 976 218 441 656 120 784 591 338 59 334 803 102 41 818 198 182 650
553 363 424 566 535 502 478 854 649 686 29 416 791 591 635 742 784 494 228 669 106 832 401 146 83 199 317 940 956 177 730 170 65 157
822 147 804 166 441 716 963 803 472 98 562 923 268 743 169 360 258 325 971 514 544 721 962 278 483 337 185 538 898 472 956 859 352 634
770 488 939 618 53 512 706 303 360 304 585 161 931 575 772 596 919 405 200 551 614 101 186 526 684 104 531 426 905 1000 142 704 571 634
974 682 422 641 272 460 808 241 361 659 694 322 406 611 767 303 554 552 660 801 21 670 303 413 935 950 981 281 398 361 162 882 590 297
602 90 175 279 133 740 743 373 740 527 833 362 698 921 659 603 447 591 44 771 614 304 380 9 707 323 479 528 843 1 498 813 733 110
10 677 129 275 419 920 58 648 930 776 581 573 252 61 623 796 914 571 838 820 684 298 711 166 573 811 262 216 531 740 29 20 630 589
911 982 475 172 173 125 713 966 375 604 429 134 72 419 906 48 87 928 975 913 426 713 967 963 703 609 659 843 118 190 748 561 944 664
150 641 321 742 399 714 108 718 923 108 737 440 740 843 311 483 653 102 46 717 163 199 16 512 469 565 466 871 849 185 856 869 190 409
270 265 727 345 529 262 806 708 790 859 227 264 869 817 532 635 538 646 515 228 501 951 626 810 274 834 248 238 870 738 252 868 250 332
573 46 757 308 573 785 912 455 409 157 286 206 696 650 339 214 648 211 354 963 908 319 640 918 72 695 14 568 839 52 608 359 14 538
244 487 879 231 73 731 316 46 543 469 524 68 139 599 899 657 91 42 515 288 424 254 406 840 236 878 771 344 617 357 549 928 192 158
406 853 336 418 138 624 647 863 777 171 394 4 557 415 669 183 962 567 845 726 115 990 81 39 995 195 960 972 430 186 921 597 877 981
194 47 321 674 904 892 641 562 478 235 447 232 322 357 675 434 396 983 84 466 44 417 773 298 423 943 664 676 434 591 251 797 128 576
222 623 862 288 663 953 86 554 513 846 593 763 874 604 297 996 791 938 514 411 938 777 275 24 251 961 228 966 129 887 984 650 105 747
136 53 573 108 320 131 381 490 904 927 705 661 70 61 380 438 801 314 283 717 638 445 349 839 37 703 726 120 426 626 862 943 658 128
469 244 424 683 619 384 31 448 874 348 319 591 892 168 587 691 87 671 368 388 109 691 705 734 72 618 406 261 65 279 66 763 3 943
592 136 15 119 696 900 687 190 572 1 520 447 811 558 534 736 540 191 575 270 19 778 540 690 612 1 979 770 384 596 283 556 588 949
576 452 676 968 976 469 702 919 120 705 214 625 807 848 728 330 739 875 188 733 924 815 596 326 507 695 921 917 807 977 718 965 859 862
982 82 60 572 216 107 569 100 659 836 476 987 194 131 43 54 857 409 368 856 25 762 856 351 462 281 548 786 113 144 987 250 766 945
867 646 270 167 659 82 165 825 157 760 850 520 502 790 875 753 120 309 597 4 838 220 226 710 111 936 560 783 988 515 850 227 222 249
265 397 784 690 751 287 691 201 606 97 501 942 780 758 912 361 24 678 653 763 108 648 420 561 57 724 522 382 837 642 911 624 299 253
526 478 969 430 559 311 313 637 614 130 209 170 156 802 872 628 492 172 574 459 142 618 978 224 634 27 765 309 364 965 186 877 643 528
232 434 392 595 119 343 450 472 34 290 352 887 568 720 511 210 150 740 51 841 111 909 501 746 796 532 546 4 273 650 945 333 527 629
571 438 236 898 53 231 9 671 585 688 872 748 460 46 799 155 815 447 827 803 417 324 934 647 799 588 798 446 199 384 346 20 361 939
150 74 975 253 687 821 832 441 325 814 874 49 73 501 206 119 835 498 506 725 213 248 504 589 100 466 433 563 472 201 342 852 388 521
896 725 180 563 761 7 972 976 999 121 774 750 515 298 241 81 549 849 515 636 727 903 570 387 154 221 388 269 970 125 473 22 662 552
605 481 939 273 738 500 754 237 249 384 816 350 951 135 323 391 652 494 338 752 794 994 156 794 409 540 619 703 6 875 649 752 88 964
693 760 142 277 111 15 883 491 654 187 571 805 271 254 946 579 473 979 684 911 758 612 326 146 864 198 882 51 231 375 736 64 262 988
442 564 250 376 383 324 870 304 340 969 223 605 270 366 758 428 402 670 68 178 206 82 434 996 413 913 133 832 260 279 451 508 543 283
812 383 329 98 597 361 41 455 272 357 924 260 929 517 294 804 974 67 996 84 782 361 130 254 963 470 191 38 45 62 519 716 63 987
554 375 99 304 73 708 137 752 810 77 73 154 985 617 539 457 305 385 512 459 502 452 253 76 135 128 170 4 411 211 839 208 198 942
