431 737 688 342 514 597 804 363 358 281 72 482 865 561 160 430 247 23 675 825 988 170 144 844 897 435 841 632 512 664 17 854 532 925 174 41 879
266 616 67 203 552 93 684 987 363 679 743 371 840 923 931 125 639 433 261 594 844 445 79 757 173 852 695 265 219 950 940 388 120 551 981 408 609
623 437 78 460 857 535 757 98 261 672 741 87 729 893 493 913 448 36 821 537 310 30 700 399 420 769 413 740 356 251 289 942 523 517 17 997 184
134 987 911 323 660 912 180 954 178 490 58 447 475 673 516 161 872 299 593 737 680 40 89 122 17 743 10 384 799 564 213 876 497 730 314 49 910
214 651 119 521 445 242 279 356 293 881 579 773 782 652 218 425 260 505 95 899 789 306 918 902 796 156 615 278 182 950 746 360 468 251 658 649 475
217 235 798 810 767 725 862 432 612 18 912 995 451 237 225 220 150 122 908 734 217 725 290 628 2 174 343 135 220 306 531 995 570 951 44 270 297
89 23 582 56 471 185 138 704 283 732 713 522 141 318 130 750 915 258 492 946 171 809 594 382 727 213 307 487 918 426 501 194 955 923 62 100 326
678 746 540 152 925 719 443 630 614 79 988 402 245 655 693 552 325 127 281 429 201 330 259 879 651 786 858 231 520 567 218 257 31 424 237 513 953
794 247 90 152 752 113 134 319 86 673 771 808 642 631 796 781 671 126 349 488 662 501 139 862 212 111 48 861 732 372 821 418 181 600 532 880 191
278 450 217 125 560 566 113 88 424 879 936 423 476 360 299 889 26 291 293 109 229 940 642 65 273 588 715 853 353 627 42 100 916 591 393 676 133
363 102 936 26 775 788 232 113 439 256 12 522 530 156 310 239 772 962 338 809 152 853 972 852 261 735 798 838 837 507 885 967 623 756 663 189 358
83 455 153 410 953 834 333 703 331 823 472 733 861 145 629 56 868 981 511 131 84 766 40 991 395 276 933 371 45 899 774 493 121 881 690 508 186
399 199 19 640 150 930 913 326 106 976 362 257 912 756 776 153 59 275 318 415 162 16 677 901 962 659 432 50 979 612 980 456 122 871 469 782 492
491 935 836 128 665 290 301 571 115 134 144 999 341 62 607 372 93 24 384 523 118 678 492 498 864 348 494 996 907 135 42 287 994 661 569 341 482
288 497 727 377 330 848 525 289 51 638 551 374 84 29 847 85 260 375 813 444 339 265 317 796 305 665 980 92 857 6 680 494 267 891 805 528 658
146 788 831 967 209 813 710 944 623 824 106 196 202 734 287 756 897 144 24 180 931 73 666 868 434 433 46 959 57 107 194 224 320 428 115 587 982
477 130 452 608 853 682 841 875 897 655 272 393 738 370 747 782 348 727 74 122 964 534 777 768 752 887 517 631 882 876 775 619 701 774 421 14 573
573 79 391 825 994 537 778 774 567 320 737 447 443 973 701 42 465 19 944 353 685 856 966 166 211 993 21 880 653 692 964 950 733 210 775 648 684
298 971 997 999 994 186 568 780 184 440 904 74 578 236 756 477 662 888 718 114 225 615 1 517 898 121 875 356 788 714 234 198 53 358 168 48 948
354 691 671 399 386 28 553 117 807 76 456 209 474 72 322 58 535 459 683 970 481 102 873 311 212 993 471 206 707 21 220 69 708 530 308 197 47
715 839 587 449 400 92 46 419 148 314 642 912 141 519 900 485 79 467 253 819 361 187 394 558 347 411 786 856 388 501 944 765 125 11 820 620 96
522 82 10 828 893 65 679 829 295 566 503 321 584 630 63 55 379 687 529 446 30 102 989 307 191 31 647 371 878 788 130 699 280 389 557 386 243
992 468 123 715 729 53 846 283 535 805 872 882 710 746 325 292 175 67 421 93 704 637 862 419 309 951 507 436 805 41 195 73 678 812 388 219 407
731 301 49 144 24 656 227 775 490 168 42 805 407 106 323 137 293 540 355 607 704 407 779 546 410 479 495 610 800 204 899 359 107 886 444 766 372
950 681 981 636 645 820 784 466 631 399 936 872 936 385 273 34 612 703 324 523 503 734 546 162 618 975 286 270 684 699 521 662 558 765 344 859 374
972 59 588 995 81 779 80 560 738 864 820 626 325 495 183 120 243 870 216 136 820 18 670 535 514 783 933 878 274 315 172 41 414 660 641 644 737
529 422 956 466 603 880 112 466 644 359 204 338 542 316 896 129 724 555 954 390 54 481 299 847 203 286 424 693 779 212 666 854 540 384 715 448 261
670 218 139 559 69 871 424 729 540 732 999 277 913 691 106 688 255 684 48 124 109 264 317 457 420 688 433 694 351 799 159 602 448 869 55 337 816
832 986 611 875 118 663 555 425 416 867 522 560 167 285 700 668 325 152 407 902 682 139 381 438 731 379 742 574 398 829 44 636 770 873 424 699 437
249 992 602 763 33 4 821 911 134 184 514 459 934 124 718 649 436 134 693 605 174 145 740 922 981 27 587 823 886 791 295 862 2 231 76 160 806
139 650 136 560 527 597 195 228 115 464 706 327 988 334 739 731 94 264 105 253 680 782 6 417 999 26 344 890 653 457 704 48 558 843 297 485 558
45 647 548 545 694 866 563 882 497 899 457 556 131 908 968 972 908 126 358 644 719 562 502 254 306 576 659 761 658 769 145 38 255 174 50 618 557
708 987 916 444 536 502 128 887 335 522 550 737 77 651 718 940 841 839 483 145 295 240 119 208 803 224 728 754 420 301 958 859 351 415 200 139 442
201 184 60 375 368 971 55 109 25 581 119 427 98 414 336 567 473 263 469 869 709 641 312 775 374 467 34 565 691 387 663 451 580 498 641 655 424
770 927 269 65 99 778 644 609 327 323 888 622 292 878 153 732 271 733 560 873 286 1 902 937 490 419 639 919 669 848 600 774 681 144 704 336 200
804 611 863 669 166 48 145 147 943 400 509 510 720 309 766 81 783 138 769 26 332 575 681 140 725 941 479 723 114 941 149 174 817 532 467 123 697
205 121 954 757 791 548 19 130 410 949 540 835 693 899 6 935 310 868 230 930 724 944 225 569 423 33 2 252 336 694 189 842 643 384 578 18 816
