12 190 29 266 140 33 140 280 99 32 170 89 258 247 184 161 150 248 249 232
129 96 93 169 263 241 77 13 182 231 153 298 157 43 113 131 278 148 72 15
257 155 244 266 242 136 82 109 102 274 171 154 262 76 63 215 98 159 3 198
256 128 98 168 178 171 232 215 135 53 182 2 177 235 275 274 151 127 227 128
160 267 210 208 60 299 36 82 280 198 34 120 145 173 59 130 58 77 88 71
204 167 274 50 93 170 277 28 100 89 64 270 231 175 39 288 217 190 109 179
136 150 234 236 19 62 156 4 177 146 216 75 39 157 223 292 292 161 116 189
23 9 281 191 135 64 188 270 134 70 212 168 267 209 235 54 232 39 32 31
14 273 151 254 172 288 232 75 252 46 296 57 74 219 157 127 169 43 102 254
173 186 169 107 233 49 107 129 222 169 61 254 129 86 176 49 158 27 20 146
131 114 18 89 73 155 94 49 53 108 185 189 236 77 157 128 104 44 21 123
182 103 153 83 285 43 227 288 44 108 269 143 24 256 124 60 168 81 35 78
255 59 77 114 284 171 18 53 228 48 244 115 6 196 264 29 260 235 103 31
228 106 5 244 139 42 166 280 253 97 259 24 9 243 168 123 26 39 99 114
26 175 60 295 164 155 137 127 291 96 99 233 278 5 150 150 54 133 275 242
6 37 100 132 89 221 106 63 29 141 3 222 136 288 5 53 46 10 81 284
205 39 288 158 297 27 45 5 93 19 69 193 64 156 109 288 76 228 207 242
49 74 99 151 93 177 97 289 299 97 104 45 52 291 37 266 48 242 134 62
176 102 269 10 73 109 158 279 180 16 277 117 103 138 235 131 239 138 65 120
229 56 5 296 214 25 141 72 120 142 240 133 95 145 66 247 104 90 78 284
