40 30 42 222 74 265 93 209 115 274 139 177 7 274 12 15 103 36 236 91
294 97 35 272 167 126 18 262 292 48 8 296 85 93 245 4 4 240 276 153
52 8 163 270 242 224 142 72 99 240 199 26 224 198 96 242 295 70 56 247
247 130 216 68 266 142 93 214 30 8 12 163 59 84 40 287 233 65 30 242
283 245 164 53 148 282 73 186 296 3 9 233 184 30 205 221 92 96 5 101
132 228 43 91 228 37 266 140 159 109 10 230 40 114 264 3 266 164 219 283
70 207 218 28 299 78 279 30 179 118 196 138 61 229 110 55 203 73 124 112
16 232 28 187 292 78 194 70 65 203 255 227 176 21 32 225 11 15 92 151
58 237 261 41 213 171 170 111 4 209 99 194 40 108 267 137 179 31 35 221
184 209 264 275 163 268 261 40 198 185 45 188 280 273 54 79 270 286 273 121
208 83 66 156 104 62 188 68 53 194 46 279 280 170 266 148 272 285 178 245
210 130 213 118 165 210 213 66 54 189 166 193 57 213 14 101 143 109 172 101
80 193 287 4 140 65 208 111 8 206 107 285 109 29 211 78 170 247 290 193
148 123 15 164 28 153 222 67 156 165 6 163 114 77 165 17 143 209 278 100
3 102 58 148 82 181 84 29 2 236 231 195 118 278 252 257 179 123 276 287
143 141 254 142 200 243 171 32 164 195 235 260 269 191 190 46 65 166 82 146
69 194 65 220 234 110 45 135 125 208 138 20 233 291 256 162 148 216 247 138
10 53 164 107 2 270 226 227 88 206 193 13 41 130 218 249 76 35 207 91
199 36 207 256 58 215 28 277 234 29 198 148 219 244 136 16 30 258 219 264
183 118 48 218 15 125 279 103 73 8 86 113 9 157 239 273 146 208 50 86
