34 205 192 268 163 245 156 104 286 82 125 153 99 277 97 223 160 152 250 76
143 249 148 109 261 298 162 138 107 59 15 175 284 216 191 218 74 249 193 290
70 133 208 179 103 249 223 214 98 212 291 20 202 9 224 84 57 84 8 164
83 18 297 228 67 250 169 182 87 179 150 210 259 260 6 11 42 268 6 12
76 247 40 195 67 295 273 275 292 107 161 289 242 29 207 52 136 280 112 153
81 42 128 219 62 81 61 241 4 214 43 89 78 295 89 136 277 103 161 72
277 193 190 279 18 161 268 230 54 254 174 61 156 153 231 35 120 121 134 285
235 32 272 78 65 73 211 246 240 72 74 34 119 41 176 187 151 149 202 200
112 130 188 49 40 281 232 225 65 55 16 157 268 175 137 245 220 112 214 245
249 23 290 281 180 141 241 116 277 44 183 271 218 233 174 105 144 223 39 83
141 286 182 186 56 216 65 244 203 230 267 39 234 257 250 90 140 206 169 198
41 116 248 22 171 45 239 36 2 32 102 296 74 132 105 263 141 105 226 264
77 297 212 47 76 145 38 261 282 84 265 237 55 140 43 25 39 160 15 12
277 30 242 171 129 270 264 102 152 286 249 36 280 205 122 43 204 201 245 27
8 277 53 218 67 164 242 234 90 81 225 280 90 214 286 48 55 41 218 106
180 235 109 295 135 230 257 150 18 299 120 137 215 288 5 1 276 25 105 264
29 30 13 72 62 268 245 66 218 75 288 163 282 139 146 72 168 57 84 137
207 92 217 91 260 88 65 102 210 286 71 31 236 254 78 150 223 38 234 166
284 191 231 243 11 257 155 76 142 232 132 219 241 267 57 236 113 222 112 273
204 144 155 232 4 258 227 29 62 295 149 131 122 217 152 17 161 273 80 4
